# Camera parameter file. 

# The format of each camera is as follows:
# Filename (of the undistorted image in visualize folder)
# Original filename
# Focal Length (of the undistorted image)
# 2-vec Principal Point (image center)
# 3-vec Translation T (as in P = K[R T])
# 3-vec Camera Position C (as in P = K[R -RC])
# 3-vec Axis Angle format of R
# 4-vec Quaternion format of R
# 3x3 Matrix format of R
# [Normalized radial distortion] = [radial distortion] * [focal length]^2
# 3-vec Lat/Lng/Alt from EXIF

# The nubmer of cameras in this reconstruction
723

00000000.jpg
/home/zahir/cap/kitchen_model_quick/00000584_undistorted_crop.jpg
367.474090576
592 200
0.470897663935 0.777249521688 -1.78141884381
-1.99395142385 -0.0371537112033 -0.148629683083
0.547295401872 1.42741898726 0.115471483307
0.720308453399 0.247624989353 0.645838810837 0.052245322593
0.16032420426 0.244586978259 0.956280546873
0.395117968316 0.871905579621 -0.289249368179
-0.904532073043 0.424216124236 0.0431472882703
-0.0419701057621
0 0 0

00000001.jpg
/home/zahir/cap/kitchen_model_quick/00000576_undistorted_crop.jpg
372.418334961
592 200
1.08590655851 -0.146587905938 -0.464895148273
-0.716305457825 0.024457809126 -0.950324208039
0.458130773 1.2780446479 0.00935412336552
0.778293339968 0.211872554901 0.591059585578 0.00432601810033
0.301259756561 0.243725464762 0.921868067914
0.257193109066 0.910185265903 -0.324684558769
-0.918202888005 0.334911434839 0.211517069693
-0.0512352730845
0 0 0

00000002.jpg
/home/zahir/cap/kitchen_model_quick/00000585_undistorted_crop.jpg
365.69619751
592 200
0.605357497595 1.13860192451 -2.37906067822
-2.7037684739 0.00110817749797 -0.111491825817
0.564517825919 1.39878712371 0.164467300437
0.72575080072 0.255950383895 0.634205130225 0.0745688918086
0.184449038256 0.216413891145 0.958723450242
0.4328876229 0.857860977426 -0.276929008663
-0.882376074084 0.466095775561 0.0645468832994
-0.036848963773
0 0 0

00000003.jpg
/home/zahir/cap/kitchen_model_quick/00000586_undistorted_crop.jpg
363.156921387
592 200
0.25787768675 1.65476189155 -3.13675542003
-3.54829891379 0.0201305494982 0.230518258965
0.581241142097 1.44888067185 0.17692675584
0.706994736961 0.2616391134 0.652197215494 0.0796415741797
0.136592691081 0.228667934887 0.963875054659
0.45389263004 0.850405331538 -0.266071296444
-0.880524940599 0.473838608184 0.0123682097432
-0.0291508688829
0 0 0

00000004.jpg
/home/zahir/cap/kitchen_model_quick/00000575_undistorted_crop.jpg
372.808227539
592 200
0.973207191088 0.0534503172595 -0.398672717775
-0.774372374205 -0.175206083627 -0.691794124346
0.503204711406 1.14626817986 -0.0362320200062
0.810266165909 0.235478927534 0.536405950785 -0.0169550821367
0.423962401679 0.280100530362 0.861278061798
0.22514801278 0.888525580573 -0.399791153734
-0.877248310654 0.363411277328 0.313637056215
-0.0587968171864
0 0 0

00000005.jpg
/home/zahir/cap/kitchen_model_quick/00000587_undistorted_crop.jpg
356.534606934
592 200
-0.117405857555 2.20416142614 -3.80993479615
-4.36359830886 -0.0493182955454 0.586743037416
0.6008875961 1.49135128765 0.161652447044
0.69096080294 0.26880461455 0.667149913957 0.0723145626581
0.099365759823 0.258733438402 0.960826759432
0.458599551516 0.845030642828 -0.274978512614
-0.883071001484 0.4679552966 -0.0346890778528
-0.0211715184918
0 0 0

00000006.jpg
/home/zahir/cap/kitchen_model_quick/00000574_undistorted_crop.jpg
367.134155273
592 200
1.16746721412 -0.0353493516449 -0.393733427084
-1.01065943635 -0.13495475749 -0.692539168342
0.492553542933 0.926282173669 -0.074118829073
0.864893992053 0.235082362257 0.442089199492 -0.0353748941129
0.606610961992 0.269046033052 0.748089209581
0.146663899501 0.886969844553 -0.437920943368
-0.781351960789 0.375364347646 0.498585663414
-0.0438943891312
0 0 0

00000007.jpg
/home/zahir/cap/kitchen_model_quick/00000573_undistorted_crop.jpg
368.231903076
592 200
1.76847610828 -0.221557989769 -0.377408567269
-1.36227839604 -0.158325875493 -1.19923342253
0.474752339214 0.907225251604 -0.0962783098525
0.870673922308 0.227052137778 0.433883976568 -0.0460454731194
0.619249911051 0.277209445349 0.734632547778
0.116847074607 0.89265593028 -0.435333736548
-0.776453307041 0.355419764924 0.520386474619
-0.050390064542
0 0 0

00000008.jpg
/home/zahir/cap/kitchen_model_quick/00000572_undistorted_crop.jpg
367.456115723
592 200
2.30450877063 -0.248244389941 -0.466805257528
-1.79026740886 -0.231231171428 -1.52701046994
0.463960693937 0.888267487017 -0.0939472478504
0.876013014517 0.222311151431 0.425621761493 -0.0450157117107
0.633639897139 0.268109162056 0.725685082084
0.110371764791 0.897106267018 -0.427815204403
-0.765715727237 0.3511746433 0.538849042259
-0.0512937975917
0 0 0

00000009.jpg
/home/zahir/cap/kitchen_model_quick/00000571_undistorted_crop.jpg
362.785095215
592 200
2.5035148287 -0.394774706821 -0.321450420091
-2.0878334813 -0.179063922866 -1.46138242731
0.456470422366 0.707730826127 -0.12136792275
0.910860124287 0.221412411418 0.343287059072 -0.0588698919539
0.757377760454 0.259261029065 0.599303692962
0.0447720806573 0.895024330429 -0.44377016679
-0.651442280207 0.362932779539 0.666262573178
-0.032930346156
0 0 0

00000010.jpg
/home/zahir/cap/kitchen_model_quick/00000332_undistorted_crop.jpg
359.2918396
592 200
2.28369929956 -1.39805205239 1.5609255943
-1.19536096949 -0.159642038493 -2.85516016672
0.488652675769 0.533916744852 -0.231688472804
0.928674082405 0.238489303032 0.260580650983 -0.113076680308
0.838624539316 0.334314492965 0.430052795064
-0.085731036339 0.860675153469 -0.501888640212
-0.537925192714 0.384026698415 0.750442512537
-0.034041363475
0 0 0

00000011.jpg
/home/zahir/cap/kitchen_model_quick/00000570_undistorted_crop.jpg
357.689086914
592 200
2.41211784274 -0.578235591891 -0.15935035948
-2.21616252114 -0.141411615553 -1.11654200994
0.460150059485 0.485289234267 -0.203050327266
0.939560373521 0.225420862887 0.237736181237 -0.0994714203297
0.867175940118 0.294100448658 0.40188886889
-0.0797371707002 0.878583009782 -0.47088860139
-0.491581112079 0.376297439142 0.785335832066
-0.0178521189663
0 0 0

00000012.jpg
/home/zahir/cap/kitchen_model_quick/00000333_undistorted_crop.jpg
355.400421143
592 200
2.31428369789 -1.2931916772 1.10984653887
-1.7498252698 -0.0743970870598 -2.27872463506
0.469387677421 0.412432729855 -0.255876338319
0.943552402228 0.230261025568 0.202321424107 -0.125521718857
0.886621005019 0.330046440524 0.323995867443
-0.143698836911 0.862451436823 -0.485318707994
-0.439607595512 0.383734667263 0.812092101159
-0.0202451865148
0 0 0

00000013.jpg
/home/zahir/cap/kitchen_model_quick/00000084_undistorted_crop.jpg
362.507720947
592 200
1.96768492114 -0.241342844784 -1.0352383187
-2.21889968961 -0.160992767989 -0.228712054129
0.364035198383 0.570312905685 -0.253893006508
0.935427716375 0.178082705369 0.27899188211 -0.124202147688
0.813474877883 0.331731091663 0.477716230782
-0.132997433858 0.905722510847 -0.402469622682
-0.566190725896 0.263864370953 0.780902661521
-0.0168000337538
0 0 0

00000014.jpg
/home/zahir/cap/kitchen_model_quick/00000083_undistorted_crop.jpg
358.752593994
592 200
2.04641039417 -0.434932991869 -0.492686053215
-2.04942225175 -0.114926666888 -0.637453515363
0.355347496177 0.50367828393 -0.246008476427
0.945443620796 0.174430762312 0.247242454137 -0.12075910634
0.848578596055 0.314595273952 0.425378704904
-0.142088433016 0.909983665154 -0.389542420119
-0.509636499309 0.270115385876 0.816892299206
-0.0163783397509
0 0 0

00000015.jpg
/home/zahir/cap/kitchen_model_quick/00000082_undistorted_crop.jpg
355.412567139
592 200
2.03732191272 -0.52569488536 0.111501992725
-1.83562003879 -0.139944156137 -1.02487112007
0.33320505653 0.424756545672 -0.235970161775
0.95692316055 0.164203350071 0.209319895953 -0.116286023639
0.885328367527 0.291295456848 0.362416616304
-0.153811700225 0.91903207231 -0.362941453579
-0.438795609303 0.265578501313 0.85844730095
-0.0157905029415
0 0 0

00000016.jpg
/home/zahir/cap/kitchen_model_quick/00000085_undistorted_crop.jpg
358.612854004
592 200
2.16790363052 -0.229119625257 -1.26039772943
-2.51127902354 -0.167017132514 0.0804493546494
0.339832294896 0.482220880124 -0.260788886843
0.948445343611 0.166985996805 0.236952566184 -0.128145832162
0.854865195751 0.322214670803 0.406675405191
-0.163942600468 0.911389933204 -0.377482892798
-0.492270827024 0.256025471673 0.831939150313
-0.0165157883933
0 0 0

00000017.jpg
/home/zahir/cap/kitchen_model_quick/00000081_undistorted_crop.jpg
348.489929199
592 200
1.73896045198 -0.571885256044 0.619140681689
-1.49095256756 -0.170989792473 -1.21744970305
0.32000021342 0.322151013016 -0.267346350343
0.965493867736 0.158155509767 0.159218511579 -0.132132094135
0.91438252296 0.305508412277 0.265654228523
-0.204782494198 0.915056672763 -0.347471948981
-0.349243757714 0.263320750335 0.899274438821
-0.0136096375668
0 0 0

00000018.jpg
/home/zahir/cap/kitchen_model_quick/00000569_undistorted_crop.jpg
352.16192627
592 200
2.47581269773 -0.735796835687 -0.105500801678
-2.41776538207 -0.138867693417 -0.904039632534
0.478628780102 0.339817183158 -0.266897160507
0.948475037257 0.235189873781 0.166980264744 -0.131148631469
0.909836397281 0.32732607264 0.25506264111
-0.170238739837 0.854974853114 -0.489942999913
-0.378443810188 0.402343897276 0.833608334808
-0.0152273021613
0 0 0

00000019.jpg
/home/zahir/cap/kitchen_model_quick/00000334_undistorted_crop.jpg
352.087219238
592 200
2.66399537014 -1.10896894476 0.729776206697
-2.34840410855 -0.129596739454 -1.82412436223
0.440695079966 0.336916783776 -0.254227989467
0.95381614958 0.216944813322 0.165856965698 -0.125151031231
0.913658614482 0.310705457867 0.262092498575
-0.166778841032 0.874547033212 -0.455365484098
-0.370695711039 0.37233638196 0.850855341104
-0.016121056481
0 0 0

00000020.jpg
/home/zahir/cap/kitchen_model_quick/00000335_undistorted_crop.jpg
350.420318604
592 200
2.85887350969 -0.955031346497 0.298340062669
-2.72946919862 -0.157180444538 -1.30364625899
0.427780458677 0.288580574223 -0.264206080027
0.958283954361 0.210907656418 0.142278244278 -0.130260941144
0.925580613833 0.309668483194 0.217739974766
-0.189639395917 0.877099908489 -0.441284900751
-0.327631859421 0.367152791239 0.870552026424
-0.0151341572237
0 0 0

00000021.jpg
/home/zahir/cap/kitchen_model_quick/00000568_undistorted_crop.jpg
351.279449463
592 200
2.834607557 -0.880503671906 -0.0496535096246
-2.79752661524 -0.121905364719 -0.985760486044
0.474248755704 0.292060055838 -0.26576711977
0.952771579705 0.233379486889 0.143723784517 -0.130784937858
0.924478333507 0.316300898336 0.212826584544
-0.182131789041 0.856860288326 -0.482308854204
-0.334917164317 0.407120515371 0.84975611054
-0.0142427326918
0 0 0

00000022.jpg
/home/zahir/cap/kitchen_model_quick/00000336_undistorted_crop.jpg
350.023498535
592 200
2.86206228895 -0.810364110349 -0.212324783444
-2.88675703519 -0.0915622484164 -0.74257029539
0.423623843994 0.270237934453 -0.266204163714
0.95985299269 0.208969723764 0.133305873392 -0.131316051599
0.929972068222 0.307802253944 0.201025832793
-0.196374166517 0.878175502543 -0.436170594427
-0.310790333281 0.366150264521 0.877123499542
-0.0124344959335
0 0 0

00000023.jpg
/home/zahir/cap/kitchen_model_quick/00000567_undistorted_crop.jpg
352.683898926
592 200
3.46323601391 -1.14758021527 0.0305067081505
-3.39714696488 -0.135127009512 -1.32399749712
0.488323692081 0.29254947069 -0.265161798934
0.951109728806 0.240169677371 0.143883070041 -0.13041313525
0.924581514936 0.31718729649 0.211054897342
-0.178961510312 0.850623918213 -0.494384567488
-0.336339453565 0.41932629936 0.843233431773
-0.0145784284516
0 0 0

00000024.jpg
/home/zahir/cap/kitchen_model_quick/00000337_undistorted_crop.jpg
347.478637695
592 200
2.75372827738 -0.651966842826 -0.662972147098
-2.89820524524 -0.177761220816 -0.128088870607
0.391590365625 0.239683402973 -0.322917306335
0.960874946874 0.193234960651 0.118274648735 -0.159347416231
0.921239807334 0.35193470737 0.165712230196
-0.260517053052 0.874538055662 -0.409043388154
-0.288876357082 0.333655142047 0.897344791129
-0.012998611151
0 0 0

00000025.jpg
/home/zahir/cap/kitchen_model_quick/00000080_undistorted_crop.jpg
346.233947754
592 200
1.23413812182 -0.562785634199 1.07932529657
-0.953349012471 -0.154383722382 -1.43946253065
0.304098558938 0.265655846887 -0.291924410807
0.969126923507 0.150481291995 0.131458153584 -0.144456990051
0.923702881916 0.319558458186 0.211323504962
-0.240430175205 0.912976248188 -0.329651120218
-0.298275038849 0.253690766008 0.92014884536
-0.0108679509117
0 0 0

00000026.jpg
/home/zahir/cap/kitchen_model_quick/00000086_undistorted_crop.jpg
353.776184082
592 200
2.5898757214 -0.350595901239 -1.3538737878
-2.92357600602 -0.155125446609 0.303250789368
0.326332564728 0.359570493219 -0.276732877863
0.961208627094 0.161050960487 0.177454472998 -0.136572627422
0.899717425734 0.319708462714 0.297151657626
-0.205390688098 0.910823296017 -0.358078262531
-0.385131423821 0.261136027957 0.885147377446
-0.0152850449973
0 0 0

00000027.jpg
/home/zahir/cap/kitchen_model_quick/00000079_undistorted_crop.jpg
344.641235352
592 200
0.693357583913 -0.453997535767 1.47395673667
-0.378339030704 -0.159274114777 -1.64039210495
0.290058669683 0.225284515727 -0.281104361484
0.973381002458 0.143740191444 0.1116409982 -0.139302834077
0.936262729983 0.303282531619 0.177291632006
-0.239096397499 0.919867076556 -0.310931178761
-0.257385274968 0.248724707806 0.933752497246
-0.00913421807264
0 0 0

00000028.jpg
/home/zahir/cap/kitchen_model_quick/00000078_undistorted_crop.jpg
341.543395996
592 200
0.362460234049 -0.429671306102 1.71556687629
-0.0771240745098 -0.15820544418 -1.79671214353
0.293031160022 0.182008900691 -0.288191295794
0.97485087514 0.145285262091 0.0902402694575 -0.142885650586
0.94288394647 0.304805381866 0.134422930435
-0.25236342421 0.916953063128 -0.30905060625
-0.217460292179 0.257475253328 0.941499905445
-0.00888280137329
0 0 0

00000029.jpg
/home/zahir/cap/kitchen_model_quick/00000077_undistorted_crop.jpg
338.490966797
592 200
0.192111138082 -0.386428029162 1.86033157736
0.0178267317163 -0.17692914933 -1.90142833117
0.281059440737 0.126538589373 -0.298815495328
0.9770521045 0.139453113012 0.0627845844918 -0.148263125161
0.948154262583 0.307231941131 0.0813364044392
-0.272211252703 0.91714503669 -0.291123440318
-0.164038837192 0.253888389871 0.953223960361
-0.00755825291262
0 0 0

00000030.jpg
/home/zahir/cap/kitchen_model_quick/00000338_undistorted_crop.jpg
340.882324219
592 200
2.88794599457 -0.673875680143 -0.602532534204
-3.00305232359 -0.219243515317 0.301585204619
0.385185357654 0.0700550839945 -0.355236398048
0.965269706294 0.190357873267 0.0346210896541 -0.175557154227
0.935964448202 0.352100647008 -5.55111512313e-17
-0.325739363786 0.865887216396 -0.379648982167
-0.133674756168 0.355337771511 0.92513075896
-0.011033619144
0 0 0

00000031.jpg
/home/zahir/cap/kitchen_model_quick/00000566_undistorted_crop.jpg
354.483703613
592 200
4.11010696599 -1.14773688626 -0.20948051382
-4.00167855283 -0.176150087389 -1.48647524943
0.497037828868 0.343831760424 -0.236625248471
0.947803917068 0.244179773717 0.168914228618 -0.116246885592
0.915911719216 0.302849601898 0.263425643463
-0.137867412147 0.853727842688 -0.502140923182
-0.376964626668 0.423597260811 0.823689498934
-0.017219252176
0 0 0

00000032.jpg
/home/zahir/cap/kitchen_model_quick/00000339_undistorted_crop.jpg
342.808624268
592 200
3.29862181404 -0.69048820514 -0.650770123977
-3.39022908489 -0.252667197778 0.472940819859
0.374583872878 0.0275135719969 -0.338897534805
0.968180185198 0.18530115855 0.0136105613082 -0.167647649501
0.943418458897 0.329670746017 -0.0357764252515
-0.31958178335 0.875115983899 -0.363373473327
-0.0884863283235 0.354246166681 0.930957041244
-0.00977721314857
0 0 0

00000033.jpg
/home/zahir/cap/kitchen_model_quick/00000087_undistorted_crop.jpg
345.225006104
592 200
3.25407519482 -0.722959199623 -0.84865909778
-3.39613918843 -0.2429986713 0.488894196893
0.320769927717 0.0829466830861 -0.349387211806
0.971159754668 0.158840131602 0.0410738692093 -0.173010952424
0.936763362178 0.349091806485 0.0248160337561
-0.322993289959 0.889674941849 -0.322730648575
-0.134741121222 0.294305924376 0.946166772324
-0.01110117876
0 0 0

00000034.jpg
/home/zahir/cap/kitchen_model_quick/00000340_undistorted_crop.jpg
349.796600342
592 200
3.57547617396 -0.661787933824 -0.470243980226
-3.61984395136 -0.35679396966 0.460992997409
0.389441115518 -0.0139919884723 -0.327388185677
0.967794297836 0.192625664113 -0.00692072810072 -0.161932996225
0.947461033234 0.310769799756 -0.0757805288719
-0.316101521756 0.873346981119 -0.370602834309
-0.0489891641008 0.375085243075 0.925695197344
-0.0169478105593
0 0 0

00000035.jpg
/home/zahir/cap/kitchen_model_quick/00000088_undistorted_crop.jpg
341.316589355
592 200
3.55636043703 -0.947408574684 0.395722414417
-3.64319343274 -0.399205228625 0.519266934386
0.317995536091 -0.271756423425 -0.369770731092
0.961290048283 0.156940825534 -0.134120365212 -0.182493517076
0.897416166308 0.308759588794 -0.315139094035
-0.392957218573 0.884134113171 -0.252778703772
0.200575195368 0.350683911248 0.914763948231
-0.0110270745747
0 0 0

00000036.jpg
/home/zahir/cap/kitchen_model_quick/00000076_undistorted_crop.jpg
325.187072754
592 200
-0.531194424136 -0.182244045469 1.78356314372
0.178267216961 -0.192878738072 -1.85134804873
0.264726458692 -0.191746069841 -0.317178153816
0.974181227305 0.131222104385 -0.0950464978697 -0.157221854643
0.932496020705 0.281379999802 -0.22644751929
-0.331270317461 0.916125619633 -0.22578133633
0.143922536493 0.285555106467 0.947494614198
0.010255558892
0 0 0

00000037.jpg
/home/zahir/cap/kitchen_model_quick/00000075_undistorted_crop.jpg
319.284301758
592 200
-1.10301393733 0.0637816307676 1.66507234231
0.263638515231 -0.286063549286 -1.9600572468
0.24478233521 -0.47978432252 -0.334986638635
0.950129595074 0.120349756033 -0.235890903296 -0.164699630794
0.834458787932 0.256193480747 -0.487897013941
-0.369750493314 0.916781578679 -0.150993871784
0.40861069978 0.306397588082 0.859744623132
0.025955574065
0 0 0

00000038.jpg
/home/zahir/cap/kitchen_model_quick/00000074_undistorted_crop.jpg
319.468109131
592 200
-1.69728892269 0.419239547694 1.61507298485
0.421322362405 -0.434152829711 -2.30195467966
0.210956247546 -0.696688719351 -0.376746069436
0.917192533137 0.102550267149 -0.338675033901 -0.183144185193
0.703515641439 0.26649404506 -0.658823220028
-0.405419871525 0.911886322959 -0.0640633541281
0.583697628988 0.312170003073 0.749566606972
0.0333483866193
0 0 0

00000039.jpg
/home/zahir/cap/kitchen_model_quick/00000089_undistorted_crop.jpg
333.81829834
592 200
3.4094033508 -1.11764558617 0.843938178452
-3.57502363571 -0.354817699342 0.823817272135
0.263546315461 -0.487476004956 -0.404219827128
0.941763986777 0.129205105292 -0.238987930593 -0.198171107928
0.807227050251 0.311503408616 -0.501349823511
-0.435018242048 0.888068041109 -0.148640549362
0.398931081718 0.338082310924 0.852382535798
0.00274960776362
0 0 0

00000040.jpg
/home/zahir/cap/kitchen_model_quick/00000090_undistorted_crop.jpg
336.440429688
592 200
3.27354878323 -1.21232456251 1.78894580357
-3.77864739576 -0.546968156901 0.899325471149
0.224381812976 -0.733363543556 -0.437776877718
0.904096678063 0.108580942977 -0.354883063152 -0.211845271976
0.658360890666 0.305989599004 -0.687702696171
-0.460124827624 0.886665687005 -0.045975593744
0.595691697816 0.346695085643 0.724536635469
0.00905179714018
0 0 0

00000041.jpg
/home/zahir/cap/kitchen_model_quick/00000073_undistorted_crop.jpg
323.475616455
592 200
-2.29104621342 0.698086521223 1.58237356802
0.737638599576 -0.529248757722 -2.72321280646
0.18669271389 -0.779461166874 -0.369561369239
0.904196892677 0.0903459134481 -0.37720342509 -0.178841256219
0.651467909652 0.255257170821 -0.714447608653
-0.391573661802 0.919708882385 -0.0284620098672
0.64981705084 0.298299966956 0.69911129087
0.0375870440434
0 0 0

00000042.jpg
/home/zahir/cap/kitchen_model_quick/00000091_undistorted_crop.jpg
344.911529541
592 200
2.92193130843 -1.19907108859 3.20456740167
-4.31857359176 -0.829269001974 0.952335696963
0.169614202443 -1.0307221411 -0.445949148619
0.843034129628 0.080321570664 -0.488103119308 -0.211181230919
0.434315523157 0.277655620519 -0.856900106665
-0.434476320288 0.897904058072 0.0707283449248
0.789050246754 0.341583646585 0.510606593639
0.0173587174647
0 0 0

00000043.jpg
/home/zahir/cap/kitchen_model_quick/00000565_undistorted_crop.jpg
359.441711426
592 200
4.55371290033 -0.790519606552 -1.16474151985
-4.56876859474 -0.126518389065 -1.35209191618
0.559812826458 0.484106954818 -0.179738954355
0.928365362975 0.273190272998 0.236245589412 -0.0877131278311
0.87298964494 0.291939062495 0.390720157988
-0.0337802565318 0.835347929995 -0.548684817151
-0.486568731474 0.465796730661 0.739111413755
-0.020552081549
0 0 0

00000044.jpg
/home/zahir/cap/kitchen_model_quick/00000351_undistorted_crop.jpg
307.794464111
592 200
-1.64897724985 0.146744799479 0.856499589312
0.883013596227 -0.123885753674 -1.63682462788
0.479872642716 -0.622961274318 -0.489290200988
0.894681808911 0.231452427631 -0.300467012341 -0.235994709334
0.708051773354 0.283191314155 -0.64688742978
-0.561369379606 0.781471903615 -0.272335364082
0.428402050699 0.555969742439 0.712298479818
0.0288609698851
0 0 0

00000045.jpg
/home/zahir/cap/kitchen_model_quick/00000352_undistorted_crop.jpg
312.79196167
592 200
-1.63444298546 -0.152675573238 0.967091762386
1.16838129934 0.0282488695205 -1.50468060047
0.547949929504 -0.329904045037 -0.398684909274
0.929832196513 0.267536403048 -0.161075559659 -0.194657797791
0.872325139081 0.275810155907 -0.403702473943
-0.448186194845 0.781066036715 -0.434818996905
0.195390491827 0.560236848269 0.804960478891
0.0138066985763
0 0 0

00000046.jpg
/home/zahir/cap/kitchen_model_quick/00000353_undistorted_crop.jpg
326.943969727
592 200
-1.43402676682 -0.287844090957 1.27003769584
1.31534851424 -0.00636836111724 -1.42200385857
0.506701858478 -0.0554942155811 -0.288265569392
0.957440193809 0.249746437851 -0.0273523422716 -0.142082169043
0.958129457926 0.258407957345 -0.1233458278
-0.285732760517 0.834879977401 -0.470462204534
-0.0185929002575 0.486006906902 0.873757463553
0.00612118923303
0 0 0

00000047.jpg
/home/zahir/cap/kitchen_model_quick/00000257_undistorted_crop.jpg
362.874786377
592 200
0.0603319014322 -1.48640608351 3.29901851372
2.06431051368 0.0611354753597 -2.97177048763
0.464936769609 0.667082133813 -0.113227739424
0.916928196038 0.225994821895 0.324252926151 -0.0550373394351
0.783661452486 0.247489796237 0.569755602041
0.0456286427854 0.891794351075 -0.450133726839
-0.6195110005 0.378750370579 0.687573463195
-0.0312877209165
0 0 0

00000048.jpg
/home/zahir/cap/kitchen_model_quick/00000258_undistorted_crop.jpg
372.988891602
592 200
1.08487736996 -1.57095300723 3.42258596626
1.9311799259 0.040916529666 -3.40995301555
0.424813185677 0.83670114822 -0.0854373033352
0.891058786498 0.204635792413 0.40304540502 -0.041155808857
0.671722658407 0.238299292249 0.701430504409
0.0916103118588 0.912861833095 -0.397860576818
-0.735118093595 0.33150950663 0.591358552479
-0.0390327573755
0 0 0

00000049.jpg
/home/zahir/cap/kitchen_model_quick/00000259_undistorted_crop.jpg
380.47857666
592 200
2.10953769633 -1.53882854845 3.48886325439
1.69357800397 0.0417553414659 -4.01500490164
0.358351768325 0.946256384947 -0.102176431696
0.873480659995 0.171553746005 0.453001329609 -0.0489149242734
0.584797626306 0.240880367717 0.774593359463
0.0699754063659 0.93635514845 -0.344014999805
-0.808158241999 0.255380517335 0.530721078783
-0.0455879741857
0 0 0

00000050.jpg
/home/zahir/cap/kitchen_model_quick/00000260_undistorted_crop.jpg
383.445709229
592 200
2.86169002171 -1.47650285837 3.52310894267
1.42030011505 0.0503298462127 -4.55651479433
0.289721148283 0.993180133229 -0.170176877467
0.865705342255 0.138315913422 0.474154607402 -0.0812442253168
0.537152709201 0.271833297324 0.798480761867
-0.0095009422121 0.948537568074 -0.3165264161
-0.843431944863 0.162436884574 0.512092681158
-0.0448372514319
0 0 0

00000051.jpg
/home/zahir/cap/kitchen_model_quick/00000261_undistorted_crop.jpg
387.729614258
592 200
3.25096750923 -0.961018548227 3.78597310014
1.42456723629 -0.0131852314126 -4.87814402547
0.14767609334 1.00697778892 -0.266015679862
0.864838159062 0.0704803684464 0.48059346625 -0.126959501062
0.505823926163 0.287343370474 0.813374716331
-0.15185431422 0.95782946932 -0.243939995611
-0.849167558103 -0.000123547221716 0.528126769995
-0.0537466106452
0 0 0

00000052.jpg
/home/zahir/cap/kitchen_model_quick/00000265_undistorted_crop.jpg
389.922698975
592 200
3.36110403185 -1.03257584343 3.71154921491
1.50748711772 -0.0365474074051 -4.88517005586
0.1782028371 1.04478332311 -0.2125074066
0.857461112023 0.0848262891382 0.497327055478 -0.101155598921
0.484869579652 0.257846843432 0.835716054229
-0.0891011259214 0.965146033056 -0.246085236433
-0.870038385887 0.0448557404202 0.490942621818
-0.0566403987614
0 0 0

00000053.jpg
/home/zahir/cap/kitchen_model_quick/00000266_undistorted_crop.jpg
386.563995361
592 200
2.96047895698 -2.04063971922 3.38653701687
1.61266687832 -0.000552956809345 -4.6686785783
0.447512647964 1.02307888902 -0.0325681479645
0.848012043844 0.212301010748 0.485350935222 -0.0154504029383
0.52839120207 0.232285170394 0.816605692542
0.179876659299 0.909380382443 -0.375065750897
-0.829728061696 0.345069505242 0.438726121508
-0.0481891864992
0 0 0

00000054.jpg
/home/zahir/cap/kitchen_model_quick/00000267_undistorted_crop.jpg
384.399505615
592 200
2.91895713731 -2.3809620548 2.94839176005
1.64691934755 0.0298993702249 -4.49099189134
0.571264969974 1.04642636955 0.0960158665047
0.826445375132 0.268908666353 0.492578985695 0.0451970626024
0.510646279507 0.190211787716 0.83848683733
0.339623401146 0.851292289465 -0.39995097847
-0.789871661129 0.489002316091 0.370109263334
-0.0533136876036
0 0 0

00000055.jpg
/home/zahir/cap/kitchen_model_quick/00000262_undistorted_crop.jpg
392.519927979
592 200
3.424470028 -0.450940049192 3.84665104333
1.55374780882 -0.0635507045795 -4.93040283988
0.0307718214781 1.03464736015 -0.349826430515
0.854447512306 0.0146319185235 0.491972042832 -0.166341528802
0.460588289868 0.298657318238 0.835860339406
-0.269863103673 0.944234615769 -0.188675461324
-0.845596813082 -0.138666635793 0.51549929951
-0.0557449679529
0 0 0

00000056.jpg
/home/zahir/cap/kitchen_model_quick/00000055_undistorted_crop.jpg
362.451721191
592 200
-0.958715647604 -0.581412276996 3.0078690992
2.62521955454 -0.0403516922947 -1.84688921108
0.370135944821 0.67016087972 -0.172401243613
0.924003601022 0.180355613599 0.326548335452 -0.0840057079357
0.772620765876 0.273033153426 0.573161692144
-0.0374531531302 0.920831602499 -0.388161962369
-0.633765659316 0.278434983351 0.721678250431
-0.0285896030724
0 0 0

00000057.jpg
/home/zahir/cap/kitchen_model_quick/00000056_undistorted_crop.jpg
359.990142822
592 200
-1.35183781324 -0.997187287341 2.75290294692
2.6866347901 0.00368692906469 -1.78389267215
0.538865284182 0.586967971322 -0.140478799539
0.919280347972 0.262143358367 0.285544012154 -0.068339129225
0.827590266803 0.275352632134 0.489160703862
0.0240613581578 0.853222740614 -0.520994030754
-0.560819291557 0.442938920038 0.699492425256
-0.0226407316951
0 0 0

00000058.jpg
/home/zahir/cap/kitchen_model_quick/00000057_undistorted_crop.jpg
362.428100586
592 200
-1.63358899043 -1.32909978709 2.55562296136
2.87316507969 0.0452705957409 -1.64594852046
0.680659908699 0.583482275216 -0.104041644023
0.899895240357 0.328896087034 0.281939680477 -0.0502731087438
0.835967917657 0.275938863044 0.474362803777
0.0949767379381 0.778600899095 -0.620291704765
-0.540501902339 0.563596388409 0.624676957715
-0.0221072457518
0 0 0

00000059.jpg
/home/zahir/cap/kitchen_model_quick/00000054_undistorted_crop.jpg
364.82244873
592 200
-0.8346229596 -0.0205975072168 3.0934496319
2.68304586285 -0.0713738378039 -1.75002592056
0.213673806409 0.720546356386 -0.244667300168
0.922923539112 0.104077663627 0.350968528 -0.119174181409
0.725240482337 0.29303318478 0.623028265066
-0.146921444327 0.949930925225 -0.27576431337
-0.672640198847 0.108458589257 0.731980028627
-0.0254637793878
0 0 0

00000060.jpg
/home/zahir/cap/kitchen_model_quick/00000052_undistorted_crop.jpg
360.839904785
592 200
-1.43465080092 0.232481144468 3.04861283557
3.00824595579 -0.11511192222 -1.5308430824
0.206476756195 0.637319853778 -0.263355508373
0.935926169025 0.101023853379 0.311824481603 -0.128853187907
0.772327278339 0.304197201664 0.557655383419
-0.178191080434 0.946382744767 -0.269460269478
-0.609723386479 0.108743202814 0.78512115236
-0.0184010691534
0 0 0

00000061.jpg
/home/zahir/cap/kitchen_model_quick/00000051_undistorted_crop.jpg
354.770324707
592 200
-1.94273808651 -0.0054415621096 2.8265163559
3.09801044099 -0.0687593572474 -1.47003887567
0.302166526327 0.515894610148 -0.229127865227
0.949192805334 0.148515784362 0.253563800086 -0.112617056022
0.8460471996 0.289107035469 0.447910710655
-0.138474161868 0.930522139126 -0.339050942002
-0.514813028285 0.224829513978 0.827298588064
-0.0157927878101
0 0 0

00000062.jpg
/home/zahir/cap/kitchen_model_quick/00000356_undistorted_crop.jpg
345.741546631
592 200
-2.12295646537 0.401621834599 2.19337681852
2.8247247134 -0.0694130427203 -1.22280559911
0.239631746723 0.360476527586 -0.296649799804
0.965776406816 0.118445885892 0.17817740027 -0.146628937184
0.893507176234 0.325430709022 0.309424655491
-0.241012363333 0.928942644728 -0.2810360699
-0.378893462142 0.176532898416 0.908446450889
-0.0133549423382
0 0 0

00000063.jpg
/home/zahir/cap/kitchen_model_quick/00000053_undistorted_crop.jpg
363.823425293
592 200
-1.08047566297 0.189719284441 3.08102704684
2.83552072729 -0.0802995621671 -1.62773094088
0.177450263655 0.693550879415 -0.266512433529
0.927941722477 0.0865835877889 0.338405377468 -0.130039833191
0.737144791337 0.299939291506 0.605523095583
-0.182738255701 0.951187055778 -0.248701257204
-0.650558779871 0.0726768371609 0.755971514142
-0.0187713271931
0 0 0

00000064.jpg
/home/zahir/cap/kitchen_model_quick/00000050_undistorted_crop.jpg
344.069610596
592 200
-2.3161972534 0.0909327608675 2.41832941209
3.00410713364 -0.0657960755815 -1.48065375221
0.308773024356 0.335619892504 -0.235524566517
0.967249247813 0.152697378462 0.165973947536 -0.116473853069
0.9177744336 0.276005721952 0.285505896084
-0.174631265132 0.926236262628 -0.334055803984
-0.35664680756 0.256729893857 0.898273733353
-0.011836569544
0 0 0

00000065.jpg
/home/zahir/cap/kitchen_model_quick/00000049_undistorted_crop.jpg
334.623626709
592 200
-2.57493321432 0.276230351884 1.93449464877
2.81287475793 -0.12193147409 -1.58798152763
0.289118440411 0.105595865901 -0.24555634321
0.980683169199 0.143627207309 0.052457530212 -0.121986587096
0.964736691281 0.254328846355 0.0678468732928
-0.224191924976 0.928981857411 -0.294503162633
-0.137929994614 0.268907976754 0.953239364707
-0.004168535182
0 0 0

00000066.jpg
/home/zahir/cap/kitchen_model_quick/00000048_undistorted_crop.jpg
332.214935303
592 200
-2.65360357384 0.401440371763 1.70886358487
2.68742003 -0.188953730434 -1.69264898587
0.252354768275 -0.0218843983174 -0.239476620345
0.984849860851 0.125539536583 -0.0108868845315 -0.119133013202
0.971378087532 0.231922724623 -0.0513545982772
-0.237389801277 0.940095573705 -0.244681740975
-0.00846681141354 0.249868639565 0.968243332436
0.000795294639344
0 0 0

00000067.jpg
/home/zahir/cap/kitchen_model_quick/00000047_undistorted_crop.jpg
333.733917236
592 200
-2.6750635694 0.401387332284 1.79248779371
2.70853190558 -0.202358503403 -1.7756566823
0.230999138607 -0.0197090562386 -0.226391346738
0.98690380461 0.114994926075 -0.00981147150083 -0.112701096373
0.974404996038 0.220192754708 -0.0452871468843
-0.224707808467 0.948150880207 -0.224766044855
-0.00655523267239 0.229189675362 0.973360601967
-0.000397648064024
0 0 0

00000068.jpg
/home/zahir/cap/kitchen_model_quick/00000046_undistorted_crop.jpg
332.986694336
592 200
-2.84261006438 0.591977680307 1.78240794838
2.94017209614 -0.203568385498 -1.70931866691
0.194711793279 -0.00172162355112 -0.250771783981
0.987426743369 0.0969475267055 -0.000857201006616 -0.124859947182
0.968819663251 0.246413648213 -0.0259024567465
-0.246746555878 0.950024861199 -0.191242681431
-0.022516763953 0.191671640859 0.981201769628
-0.00161395583163
0 0 0

00000069.jpg
/home/zahir/cap/kitchen_model_quick/00000045_undistorted_crop.jpg
330.712432861
592 200
-3.144897899 0.858521947214 1.54795095668
3.20989280359 -0.205673141848 -1.63640659926
0.161498984648 -0.0546289432623 -0.284505685233
0.986280860119 0.0803798822838 -0.0271894466599 -0.141601716803
0.958421694308 0.274946694757 -0.0763967526429
-0.283689557414 0.946977638953 -0.150854309655
0.0308689707085 0.166254248085 0.985600406885
0.00276011953104
0 0 0

00000070.jpg
/home/zahir/cap/kitchen_model_quick/00000355_undistorted_crop.jpg
343.697052002
592 200
-1.58818349356 0.478918631222 1.9622376321
2.19260785305 -0.119428819242 -1.3342663125
0.119160751218 0.307952539274 -0.290985351968
0.97588472913 0.0591006688842 0.152736541769 -0.144321253106
0.911687794029 0.299736549478 0.281048196641
-0.263627078502 0.951358150953 -0.159437250292
-0.315164838129 0.0712645106899 0.946358073212
-0.0118411037056
0 0 0

00000071.jpg
/home/zahir/cap/kitchen_model_quick/00000058_undistorted_crop.jpg
366.452789307
592 200
-1.73347992976 -1.53886980394 2.39178224883
2.92249735518 0.0534499590866 -1.59680387305
0.797348090711 0.58557475888 -0.09842555336
0.878980285278 0.382457935607 0.280878221236 -0.0472110416864
0.837760924739 0.297843635664 0.457660392449
0.131853336105 0.702995673265 -0.698867097434
-0.529885283674 0.645824843954 0.549668769623
-0.0232027451336
0 0 0

00000072.jpg
/home/zahir/cap/kitchen_model_quick/00000357_undistorted_crop.jpg
344.359527588
592 200
-2.78865701986 0.0143925426839 1.93114584347
3.26444571452 0.0406455648267 -0.920794189446
0.536913397147 0.323098467787 -0.270442691496
0.942337125119 0.263276590309 0.158431999248 -0.132612130875
0.914628214258 0.33335366646 0.228766085872
-0.166507670198 0.826198467289 -0.538210829355
-0.368419332922 0.454170391537 0.811170347964
-0.012216264913
0 0 0

00000073.jpg
/home/zahir/cap/kitchen_model_quick/00000059_undistorted_crop.jpg
368.432037354
592 200
-1.33302838645 -1.69971002541 2.43646896586
2.72727205754 0.0493946224053 -1.77817048106
0.788117580602 0.63542559336 -0.0762225931877
0.873905210925 0.3773522879 0.304243056298 -0.0364955314245
0.812210232336 0.293399990922 0.504216145955
0.165825450572 0.712546614863 -0.681747306886
-0.55930222319 0.637333216114 0.530084423527
-0.0236137328074
0 0 0

00000074.jpg
/home/zahir/cap/kitchen_model_quick/00000253_undistorted_crop.jpg
317.8465271
592 200
-2.63626342 0.283453377666 0.585416318396
2.44566912219 0.00909063625734 -1.17963840982
0.523461092061 -0.253792581474 -0.292840729892
0.947445196569 0.257129211433 -0.124665399839 -0.143846232499
0.927534616541 0.208462442785 -0.310201489946
-0.336683245317 0.826387357766 -0.451367171545
0.162253047078 0.523096173535 0.836687627698
0.0132356957512
0 0 0

00000075.jpg
/home/zahir/cap/kitchen_model_quick/00000252_undistorted_crop.jpg
315.667999268
592 200
-2.73043240888 0.541813692435 0.293246265653
2.66826254308 0.0474865859122 -0.844349494165
0.527829019854 -0.244918289582 -0.321434444887
0.945268490371 0.259081895761 -0.120216760323 -0.15777428336
0.921310753156 0.235985772647 -0.309027575463
-0.360570461958 0.815968334545 -0.451869063185
0.145520886729 0.527738746769 0.836850987854
0.0099589248074
0 0 0

00000076.jpg
/home/zahir/cap/kitchen_model_quick/00000251_undistorted_crop.jpg
326.226654053
592 200
-2.86196865866 0.352053531987 0.750338587567
2.90114507173 0.0450602099995 -0.677595332149
0.571808416159 -0.00606673999508 -0.274836414427
0.950103876151 0.281133029009 -0.00298274901668 -0.135124967535
0.963465588281 0.255088758437 -0.0816429213576
-0.258442263244 0.80541274305 -0.533405237409
-0.0703072357482 0.535017084893 0.841911170578
0.000372753630163
0 0 0

00000077.jpg
/home/zahir/cap/kitchen_model_quick/00000250_undistorted_crop.jpg
341.375183105
592 200
-2.81045022068 -0.192341840346 1.50474952689
3.10159015276 0.0641537784504 -0.758873044531
0.621714635199 0.268751166905 -0.196491435575
0.938471341191 0.304455230571 0.131608126709 -0.0962223533695
0.946842364351 0.260741511252 0.188429786753
-0.100466172825 0.796096745619 -0.596771912884
-0.305612033985 0.546118121381 0.779974722978
-0.00948694066124
0 0 0

00000078.jpg
/home/zahir/cap/kitchen_model_quick/00000254_undistorted_crop.jpg
328.418914795
592 200
-2.2827432276 -0.212379848898 1.54147914991
2.24693003988 -0.00219385535617 -1.60731469022
0.508049117844 -0.00470045313703 -0.261018293979
0.959493634709 0.250585335838 -0.00231840699366 -0.12874219157
0.966841614037 0.245893095656 -0.0689704485213
-0.248216157665 0.841265364047 -0.480272972779
-0.0600724615089 0.481467165972 0.874405162105
0.00359494683073
0 0 0

00000079.jpg
/home/zahir/cap/kitchen_model_quick/00000354_undistorted_crop.jpg
336.428039551
592 200
-1.38587933943 0.0905545507757 1.6115185045
1.62498264504 -0.130505489378 -1.36683817908
0.310208681114 0.137120889951 -0.280750745501
0.975866401835 0.153854579492 0.0680080157246 -0.139244291089
0.951971833516 0.292693969187 0.089886426056
-0.250841332095 0.913880974899 -0.319221946737
-0.175580524348 0.281344112844 0.943408128504
-0.00712915694037
0 0 0

00000080.jpg
/home/zahir/cap/kitchen_model_quick/00000358_undistorted_crop.jpg
339.267578125
592 200
-3.10116728084 -0.034230776859 1.31911331243
3.32737782732 0.109987782206 -0.524273921033
0.648436583133 0.250877794726 -0.208464187689
0.934861865836 0.317147579559 0.122703264177 -0.101958949063
0.949099624925 0.268464948888 0.164749051806
-0.112805184551 0.778043196513 -0.61799946192
-0.294093358166 0.567957249968 0.768724011339
-0.0117547141634
0 0 0

00000081.jpg
/home/zahir/cap/kitchen_model_quick/00000021_undistorted_crop.jpg
322.98815918
592 200
-3.77080189882 1.36342162763 0.493110984125
3.65527217679 -0.263078949717 -1.70022548296
0.297516598014 -0.380082081702 -0.374934657311
0.953668224715 0.146453711356 -0.187096894281 -0.184563054451
0.861862802455 0.297221071381 -0.410916899607
-0.406826610565 0.888976560622 -0.210272923338
0.302796552468 0.348400080311 0.88709296825
0.0187651352939
0 0 0

00000082.jpg
/home/zahir/cap/kitchen_model_quick/00000022_undistorted_crop.jpg
315.454376221
592 200
-3.69468695805 1.46016732156 0.0493293998424
3.59684644791 -0.229955460152 -1.67181989998
0.385951916999 -0.5127138934 -0.412022805982
0.928177635432 0.188333453848 -0.250189658678 -0.201055299111
0.79396542701 0.278991066662 -0.54017227051
-0.46746906182 0.848218312332 -0.249009803793
0.388709512695 0.45021779567 0.803871152323
0.0232210658252
0 0 0

00000083.jpg
/home/zahir/cap/kitchen_model_quick/00000039_undistorted_crop.jpg
314.67010498
592 200
-3.81933871916 1.49315597453 -0.184167699232
3.7541213745 -0.229499236559 -1.64456135325
0.399589402409 -0.548788465537 -0.393460482213
0.924026148937 0.194708875135 -0.267409456226 -0.191722421666
0.783472317025 0.250178363335 -0.568847303285
-0.458447760492 0.850661865972 -0.257295849865
0.419526016818 0.462368518355 0.781163112678
0.0252009329737
0 0 0

00000084.jpg
/home/zahir/cap/kitchen_model_quick/00000038_undistorted_crop.jpg
309.504699707
592 200
-3.61441972064 1.44376057843 -0.456476804291
3.61378960543 -0.135035614648 -1.50967356279
0.471215087106 -0.611928017416 -0.40746643581
0.906188938093 0.228192875425 -0.296335193138 -0.197321648162
0.74649970701 0.222377430075 -0.627126112083
-0.492865349167 0.817986416938 -0.296625977223
0.447016583875 0.530517460623 0.720227442138
0.0310728605388
0 0 0

00000085.jpg
/home/zahir/cap/kitchen_model_quick/00000023_undistorted_crop.jpg
300.638671875
592 200
-3.4772481179 1.58768253917 -0.678750659686
3.58086339352 -0.0532391253213 -1.49909670535
0.525747318715 -0.689002632537 -0.460436778787
0.882004734927 0.252450673381 -0.330841779602 -0.221090190508
0.683324824356 0.222961489676 -0.695235697238
